[Hill Climbing] n=10 | Tiempo: 0.0003s | Distancia: 1126
[Hill Climbing] n=20 | Tiempo: 0.0044s | Distancia: 1623
[Hill Climbing] n=50 | Tiempo: 0.1472s | Distancia: 3299
[Hill Climbing] n=100 | Tiempo: 2.5239s | Distancia: 5450
[Hill Climbing] n=200 | Tiempo: 42.4745s | Distancia: 9141
[Hill Climbing] n=500 | Tiempo: 1891.5744s | Distancia: 19641

Mejores rutas encontradas (menor distancia):
    Algoritmo   n                                                                                                                                                                                                                                                                                                                                                                                                                                                                    Ruta  Distancia  Tiempo (s) Temp Inicial Cooling Rate T_min
Hill Climbing  10                                                                                                                                                                                                                                                                                                                                                                                                                                          [8, 1, 0, 9, 4, 5, 7, 6, 3, 2]       1126    0.000272            -            -     -
Hill Climbing  20                                                                                                                                                                                                                                                                                                                                                                                                  [2, 19, 12, 16, 11, 18, 13, 9, 7, 1, 17, 0, 6, 15, 3, 8, 5, 14, 4, 10]       1623    0.004369            -            -     -
Hill Climbing  50                                                                                                                                                                                                                                                                          [17, 22, 49, 29, 43, 21, 10, 32, 8, 46, 18, 6, 13, 31, 30, 7, 15, 39, 38, 12, 37, 42, 26, 35, 45, 48, 27, 2, 11, 47, 16, 1, 20, 25, 41, 28, 19, 40, 0, 14, 23, 34, 36, 33, 24, 3, 5, 4, 9, 44]       3299    0.147246            -            -     -
Hill Climbing 100                                                                  [72, 14, 56, 23, 81, 49, 4, 82, 47, 83, 93, 85, 7, 40, 16, 96, 39, 69, 95, 33, 71, 92, 63, 61, 24, 50, 19, 13, 86, 8, 45, 42, 18, 10, 17, 1, 35, 62, 41, 12, 55, 89, 97, 25, 87, 36, 29, 75, 48, 28, 98, 91, 79, 66, 46, 78, 84, 9, 6, 21, 90, 64, 74, 34, 77, 53, 44, 52, 5, 43, 59, 37, 32, 60, 70, 38, 27, 76, 73, 30, 0, 31, 15, 68, 57, 94, 58, 26, 20, 54, 67, 2, 99, 51, 11, 88, 3, 65, 22, 80]       5450    2.523912            -            -     -
Hill Climbing 200 [107, 38, 158, 80, 75, 18, 181, 137, 92, 121, 134, 184, 109, 87, 59, 32, 194, 27, 88, 43, 13, 150, 132, 4, 172, 82, 40, 76, 53, 116, 152, 139, 85, 65, 140, 106, 58, 104, 183, 136, 120, 71, 187, 145, 198, 154, 117, 36, 96, 84, 10, 141, 128, 8, 57, 19, 112, 31, 199, 41, 193, 115, 133, 177, 3, 54, 123, 86, 60, 49, 148, 102, 171, 1, 100, 64, 186, 174, 37, 70, 124, 173, 67, 98, 168, 74, 188, 164, 110, 190, 93, 131, 147, 113, 157, 163, 165, 77, 33, 99, ...]       9141   42.474547            -            -     -

Mejor resultado por cada tamaño:
  n  Distancia  Tiempo (s)
 10       1126    0.000272
 20       1623    0.004369
 50       3299    0.147246
100       5450    2.523912
200       9141   42.474547
500      19641 1891.574371
