[Hill Climbing] n=10 | Tiempo: 0.0005s | Distancia: 1043
[Hill Climbing] n=20 | Tiempo: 0.0037s | Distancia: 1662
[Hill Climbing] n=50 | Tiempo: 0.1363s | Distancia: 4091
[Hill Climbing] n=100 | Tiempo: 2.8653s | Distancia: 5254
[Hill Climbing] n=200 | Tiempo: 49.7585s | Distancia: 9272
[Hill Climbing] n=500 | Tiempo: 2473.0296s | Distancia: 18535

Mejores rutas encontradas (menor distancia):
    Algoritmo   n                                                                                                                                                                                                                                                                                                                                                                                                                                                         Ruta  Distancia  Tiempo (s) Temp Inicial Cooling Rate T_min
Hill Climbing  10                                                                                                                                                                                                                                                                                                                                                                                                                               [5, 9, 0, 8, 6, 1, 7, 2, 4, 3]       1043    0.000512            -            -     -
Hill Climbing  20                                                                                                                                                                                                                                                                                                                                                                                       [15, 2, 19, 7, 13, 0, 3, 18, 9, 8, 17, 1, 4, 10, 14, 11, 5, 12, 6, 16]       1662    0.003747            -            -     -
Hill Climbing  50                                                                                                                                                                                                                                                               [30, 49, 34, 12, 3, 19, 14, 24, 0, 45, 8, 39, 10, 6, 9, 43, 29, 33, 2, 25, 38, 21, 1, 32, 23, 26, 20, 36, 41, 35, 15, 40, 47, 16, 4, 44, 48, 17, 31, 37, 18, 42, 5, 11, 22, 27, 7, 13, 28, 46]       4091    0.136276            -            -     -
Hill Climbing 100                                                       [57, 16, 60, 19, 64, 13, 15, 14, 66, 59, 10, 85, 99, 18, 0, 41, 63, 92, 37, 94, 90, 52, 58, 39, 48, 69, 22, 3, 55, 9, 12, 47, 67, 93, 50, 89, 20, 79, 45, 81, 84, 26, 30, 62, 32, 71, 51, 74, 98, 54, 27, 65, 1, 75, 34, 31, 61, 73, 72, 70, 29, 56, 80, 68, 23, 78, 88, 96, 25, 76, 2, 49, 33, 40, 82, 38, 8, 24, 97, 5, 4, 53, 77, 42, 6, 46, 11, 28, 36, 87, 7, 44, 95, 35, 86, 83, 43, 21, 17, 91]       5254    2.865283            -            -     -
Hill Climbing 200 [47, 7, 112, 48, 186, 6, 132, 161, 24, 92, 13, 72, 15, 95, 188, 120, 85, 184, 168, 166, 124, 76, 41, 63, 25, 8, 97, 60, 172, 125, 79, 53, 126, 27, 175, 185, 3, 30, 11, 109, 122, 98, 2, 197, 143, 31, 187, 55, 183, 18, 146, 174, 0, 182, 84, 29, 54, 35, 179, 133, 121, 134, 32, 57, 64, 61, 128, 69, 17, 150, 93, 87, 170, 102, 195, 105, 141, 111, 165, 151, 45, 4, 33, 96, 44, 21, 149, 12, 176, 137, 196, 80, 169, 10, 127, 162, 67, 198, 94, 56, ...]       9272   49.758454            -            -     -

Mejor resultado por cada tamaño:
  n  Distancia  Tiempo (s)
 10       1043    0.000512
 20       1662    0.003747
 50       4091    0.136276
100       5254    2.865283
200       9272   49.758454
500      18535 2473.029638
