[Hill Climbing] n=10 | Tiempo: 0.0003s | Distancia: 1335
[Hill Climbing] n=20 | Tiempo: 0.0040s | Distancia: 1400
[Hill Climbing] n=50 | Tiempo: 0.1797s | Distancia: 2950
[Hill Climbing] n=100 | Tiempo: 2.5723s | Distancia: 5207
[Hill Climbing] n=200 | Tiempo: 40.1637s | Distancia: 9592
[Hill Climbing] n=500 | Tiempo: 2184.6522s | Distancia: 18132

Mejores rutas encontradas (menor distancia):
    Algoritmo   n                                                                                                                                                                                                                                                                                                                                                                                                                                                                  Ruta  Distancia  Tiempo (s) Temp Inicial Cooling Rate T_min
Hill Climbing  10                                                                                                                                                                                                                                                                                                                                                                                                                                        [5, 1, 3, 6, 7, 2, 0, 8, 9, 4]       1335    0.000276            -            -     -
Hill Climbing  20                                                                                                                                                                                                                                                                                                                                                                                                [12, 7, 1, 9, 6, 18, 16, 3, 0, 2, 5, 14, 13, 19, 15, 17, 10, 8, 11, 4]       1400    0.003965            -            -     -
Hill Climbing  50                                                                                                                                                                                                                                                                        [20, 8, 29, 46, 16, 44, 11, 47, 34, 45, 39, 35, 38, 4, 17, 27, 7, 19, 30, 15, 21, 12, 31, 32, 37, 22, 9, 24, 6, 28, 48, 3, 0, 36, 41, 14, 33, 26, 1, 40, 10, 43, 13, 49, 42, 25, 18, 5, 2, 23]       2950    0.179653            -            -     -
Hill Climbing 100                                                                [89, 16, 20, 22, 34, 76, 64, 98, 57, 45, 37, 47, 23, 63, 25, 26, 7, 29, 90, 67, 61, 70, 81, 72, 24, 4, 77, 65, 97, 54, 48, 99, 59, 2, 3, 11, 46, 17, 12, 69, 14, 13, 95, 73, 18, 6, 87, 30, 35, 28, 60, 40, 36, 0, 88, 84, 42, 79, 41, 58, 31, 32, 92, 62, 52, 27, 38, 49, 9, 80, 83, 39, 21, 96, 55, 15, 68, 43, 74, 82, 71, 93, 75, 1, 91, 78, 51, 50, 86, 94, 53, 10, 85, 44, 33, 5, 19, 66, 56, 8]       5207    2.572325            -            -     -
Hill Climbing 200 [197, 180, 177, 198, 169, 155, 21, 67, 136, 90, 91, 116, 166, 126, 122, 58, 95, 60, 162, 28, 167, 35, 150, 137, 115, 24, 184, 141, 19, 139, 40, 33, 138, 163, 11, 100, 84, 199, 128, 75, 45, 159, 102, 145, 143, 98, 20, 149, 140, 79, 56, 22, 123, 18, 111, 57, 113, 1, 5, 29, 121, 83, 157, 77, 106, 53, 78, 153, 146, 74, 73, 93, 114, 161, 192, 39, 37, 8, 13, 64, 10, 118, 124, 3, 182, 81, 101, 9, 99, 38, 174, 144, 154, 185, 34, 172, 48, 109, 171, 164, ...]       9592   40.163668            -            -     -

Mejor resultado por cada tamaño:
  n  Distancia  Tiempo (s)
 10       1335    0.000276
 20       1400    0.003965
 50       2950    0.179653
100       5207    2.572325
200       9592   40.163668
500      18132 2184.652188
