[Hill Climbing] n=10 | Tiempo: 0.0003s | Distancia: 1034
[Hill Climbing] n=20 | Tiempo: 0.0034s | Distancia: 1761
[Hill Climbing] n=50 | Tiempo: 0.2169s | Distancia: 2830
[Hill Climbing] n=100 | Tiempo: 2.6107s | Distancia: 4952
[Hill Climbing] n=200 | Tiempo: 62.8043s | Distancia: 9310
[Hill Climbing] n=500 | Tiempo: 2034.4955s | Distancia: 18399

Mejores rutas encontradas (menor distancia):
    Algoritmo   n                                                                                                                                                                                                                                                                                                                                                                                                                                                            Ruta  Distancia  Tiempo (s) Temp Inicial Cooling Rate T_min
Hill Climbing  10                                                                                                                                                                                                                                                                                                                                                                                                                                  [4, 2, 0, 3, 9, 1, 7, 5, 8, 6]       1034    0.000280            -            -     -
Hill Climbing  20                                                                                                                                                                                                                                                                                                                                                                                          [15, 11, 18, 10, 6, 14, 4, 8, 0, 1, 5, 9, 12, 7, 16, 17, 3, 19, 2, 13]       1761    0.003372            -            -     -
Hill Climbing  50                                                                                                                                                                                                                                                                  [18, 26, 38, 20, 28, 35, 21, 33, 14, 8, 9, 4, 34, 45, 12, 24, 39, 17, 2, 3, 48, 42, 5, 6, 44, 32, 47, 31, 27, 41, 22, 19, 49, 25, 40, 36, 46, 30, 23, 43, 1, 15, 0, 10, 29, 37, 13, 16, 11, 7]       2830    0.216909            -            -     -
Hill Climbing 100                                                          [24, 94, 2, 78, 4, 51, 84, 76, 1, 38, 54, 72, 45, 13, 75, 67, 17, 6, 31, 56, 0, 87, 27, 91, 59, 15, 70, 41, 34, 83, 23, 30, 53, 3, 19, 64, 96, 20, 48, 92, 89, 71, 18, 33, 43, 80, 69, 61, 57, 36, 93, 46, 44, 42, 11, 16, 97, 81, 10, 82, 86, 22, 37, 12, 50, 55, 62, 49, 99, 29, 63, 65, 58, 73, 66, 52, 32, 8, 14, 95, 9, 85, 77, 88, 90, 39, 79, 40, 47, 35, 5, 68, 21, 25, 74, 60, 98, 7, 26, 28]       4952    2.610662            -            -     -
Hill Climbing 200 [12, 147, 178, 0, 31, 35, 110, 87, 102, 94, 5, 48, 131, 108, 171, 1, 9, 14, 182, 68, 121, 167, 29, 151, 107, 85, 119, 123, 77, 22, 122, 2, 86, 165, 132, 3, 41, 117, 18, 99, 88, 10, 129, 89, 128, 112, 58, 161, 120, 169, 91, 32, 96, 20, 70, 159, 42, 185, 11, 146, 55, 81, 158, 160, 51, 198, 15, 19, 138, 78, 197, 92, 166, 40, 84, 4, 192, 179, 152, 62, 181, 154, 25, 47, 193, 113, 143, 73, 34, 111, 104, 177, 100, 144, 140, 187, 172, 69, 27, 26, ...]       9310   62.804268            -            -     -

Mejor resultado por cada tamaño:
  n  Distancia  Tiempo (s)
 10       1034    0.000280
 20       1761    0.003372
 50       2830    0.216909
100       4952    2.610662
200       9310   62.804268
500      18399 2034.495457
